Timestamp(ms),Interval(ms),RawData,ParsedInt
25226,0,0,0
26226,1000,1,1
27226,1000,2,2
28226,1000,3,3
29226,1000,4,4
30226,1000,5,5
31226,1000,6,6
32226,1000,7,7
33226,1000,8,8
34226,1000,9,9
35228,1002,10,10
36228,1000,11,11
37228,1000,12,12
38229,1001,13,13
39228,999,14,14
40228,1000,15,15
41228,1000,16,16
42229,1001,17,17
43229,1000,18,18
44229,1000,19,19
46228,1999,21,21
49228,3000,24,24
50228,1000,25,25
52229,2001,27,27
53229,1000,28,28
55229,2000,30,30
56228,999,31,31
58229,2001,33,33
59229,1000,34,34
61229,2000,36,36
62228,999,37,37
63229,1001,38,38
64229,1000,39,39
65229,1000,40,40
66228,999,41,41
67229,1001,42,42
68229,1000,43,43
69229,1000,44,44
71229,2000,46,46
72229,1000,47,47
73229,1000,48,48
74229,1000,49,49
75229,1000,50,50
78229,3000,53,53
79229,1000,54,54
80229,1000,55,55
81229,1000,56,56
82230,1001,57,57
84229,1999,59,59
85229,1000,60,60
86229,1000,61,61
87230,1001,62,62
88230,1000,63,63
89230,1000,64,64
90230,1000,65,65
91229,999,66,66
92229,1000,67,67
93229,1000,68,68
94230,1001,69,69
95230,1000,70,70
96229,999,71,71
97230,1001,72,72
98230,1000,73,73
100230,2000,75,75
101230,1000,76,76
102230,1000,77,77
103229,999,78,78
104230,1001,79,79
105230,1000,80,80
106230,1000,81,81
107230,1000,82,82
108229,999,83,83
109230,1001,84,84
110230,1000,85,85
111230,1000,86,86
112230,1000,87,87
113230,1000,88,88
114230,1000,89,89
115230,1000,90,90
116230,1000,91,91
117230,1000,92,92
118230,1000,93,93
119230,1000,94,94
120230,1000,95,95
121230,1000,96,96
122230,1000,97,97
123231,1001,98,98
124230,999,99,99
125232,1002,100,100
129232,4000,104,104
130232,1000,105,105
131232,1000,106,106
132233,1001,107,107
133232,999,108,108
134232,1000,109,109
136233,2001,111,111
137232,999,112,112
138233,1001,113,113
139233,1000,114,114
141233,2000,116,116
142233,1000,117,117
144233,2000,119,119
145233,1000,120,120
148233,3000,123,123
150233,2000,125,125
151233,1000,126,126
152233,1000,127,127
153233,1000,128,128
154233,1000,129,129
155234,1001,130,130
157233,1999,132,132
158233,1000,133,133
161233,3000,136,136
162233,1000,137,137
163233,1000,138,138
164233,1000,139,139
165234,1001,140,140
167233,1999,142,142
170234,3001,145,145
171233,999,146,146
172233,1000,147,147
173234,1001,148,148
174233,999,149,149
175233,1000,150,150
176234,1001,151,151
177234,1000,152,152
178233,999,153,153
179234,1001,154,154
180234,1000,155,155
181234,1000,156,156
183234,2000,158,158
186234,3000,161,161
188234,2000,163,163
190234,2000,165,165
193234,3000,168,168
194234,1000,169,169
195234,1000,170,170
196234,1000,171,171
197234,1000,172,172
199234,2000,174,174
201234,2000,176,176
202234,1000,177,177
204234,2000,179,179
205234,1000,180,180
206234,1000,181,181
208234,2000,183,183
210234,2000,185,185
212234,2000,187,187
213235,1001,188,188
215235,2000,190,190
219235,4000,194,194
220234,999,195,195
221235,1001,196,196
222235,1000,197,197
223234,999,198,198
227234,4000,202,202
229235,2001,204,204
232235,3000,207,207
233235,1000,208,208
234235,1000,209,209
235234,999,210,210
236235,1001,211,211
238235,2000,213,213
239235,1000,214,214
241235,2000,216,216
242235,1000,217,217
243235,1000,218,218
244235,1000,219,219
246235,2000,221,221
248235,2000,223,223
249235,1000,224,224
250235,1000,225,225
251236,1001,226,226
255235,3999,230,230
257236,2001,232,232
258235,999,233,233
261235,3000,236,236
262235,1000,237,237
264236,2001,239,239
268235,3999,243,243
277236,9001,252,252
280236,3000,255,255
283236,3000,258,258
286236,3000,261,261
289236,3000,264,264
294237,5001,269,269
296236,1999,271,271
303237,7001,278,278
309236,5999,284,284
323237,14001,298,298
338237,15000,313,313
344238,6001,319,319
351237,6999,326,326
364238,13001,339,339
365238,1000,340,340
370238,5000,345,345
372238,2000,347,347
374238,2000,349,349
375238,1000,350,350
376238,1000,351,351
377238,1000,352,352
380238,3000,355,355
381238,1000,356,356
382238,1000,357,357
383239,1001,358,358
384238,999,359,359
386238,2000,361,361
389238,3000,364,364
393239,4001,368,368
396239,3000,371,371
398239,2000,373,373
399239,1000,374,374
402238,2999,377,377
406239,4001,381,381
408239,2000,383,383
411239,3000,386,386
414238,2999,389,389
427239,13001,402,402
438239,11000,413,413
439239,1000,414,414
443239,4000,418,418
463240,20001,438,438
464240,1000,439,439
467240,3000,442,442
484240,17000,459,459
485240,1000,460,460
491241,6001,466,466
494241,3000,469,469
495241,1000,470,470
497241,2000,472,472
498241,1000,473,473
506241,8000,480,480
510242,4001,485,485
518242,8000,493,493
522241,3999,497,497
523241,1000,498,498
529241,6000,504,504
530241,1000,505,505
538242,8001,513,513
550242,12000,525,525
559242,9000,534,534
569243,10001,544,544
571242,1999,546,546
574243,3001,549,549
577242,2999,552,552
580243,3001,555,555
583242,2999,558,558
586243,3001,561,561
589242,2999,564,564
596243,7001,571,571
599243,3000,574,574
602244,3001,577,577
603243,999,578,578
606243,3000,581,581
611243,5000,586,586
614243,3000,589,589
617244,3001,592,592
619244,2000,594,594
620243,999,595,595
623244,3001,598,598
624244,1000,599,599
630244,6000,605,605
633244,3000,608,608
643244,10000,618,618
645245,2001,620,620
647244,1999,622,622
648244,1000,623,623
652244,4000,627,627
653245,1001,628,628
654245,1000,629,629
655245,1000,630,630
661244,5999,636,636
663245,2001,638,638
665244,1999,640,640
673245,8001,648,648
675245,2000,650,650
677244,1999,652,652
679245,2001,654,654
680245,1000,655,655
683245,3000,658,658
689245,6000,664,664
693245,4000,668,668
701246,8001,676,676
702245,999,677,677
704245,2000,679,679
706246,2001,681,681
707245,999,682,682
710246,3001,685,685
714246,4000,689,689
716245,1999,691,691
717246,1001,692,692
721246,4000,696,696
723246,2000,698,698
731246,8000,706,706
736246,5000,711,711
743247,7001,718,718
744246,999,719,719
745247,1001,720,720
748246,2999,723,723
751247,3001,726,726
752246,999,727,727
755246,3000,730,730
758247,3001,733,733
760247,2000,735,735
761247,1000,736,736
769247,8000,744,744
770247,1000,745,745
771247,1000,746,746
773247,2000,748,748
776247,3000,751,751
778247,2000,753,753
782247,4000,757,757
783247,1000,758,758
799248,16001,774,774
804248,5000,779,779
806248,2000,781,781
813248,7000,788,788
816248,3000,791,791
817248,1000,792,792
818248,1000,793,793
822248,4000,797,797
829249,7001,804,804
833249,4000,808,808
844249,11000,819,819
847249,3000,822,822
852249,5000,827,827
854248,1999,829,829
862249,8001,837,837
863249,1000,838,838
865249,2000,840,840
875249,10000,850,850
882249,7000,857,857
894249,12000,869,869
903250,9001,878,878
924251,21001,899,899
993252,69001,968,968
1018253,25001,993,993
1021253,3000,996,996
1028255,7002,1003,1003
1036255,8000,1011,1011
1101256,65001,1076,1076
1145257,44001,1120,1120
1333262,188005,1308,1308
1363263,30001,1338,1338
1421264,58001,1396,1396
1422264,1000,1397,1397
1423264,1000,1398,1398
1424264,1000,1399,1399
1428264,4000,1403,1403
1438264,10000,1413,1413
1459265,21001,1434,1434
1460265,1000,1435,1435
1461265,1000,1436,1436
1486265,25000,1461,1461
1495266,9001,1470,1470
1496266,1000,1471,1471
1498266,2000,1473,1473
1499266,1000,1474,1474
1512266,13000,1487,1487
1517266,5000,1492,1492
1524266,7000,1499,1499
1528267,4001,1503,1503
1532266,3999,1507,1507
1539267,7001,1514,1514
1548267,9000,1523,1523
1554267,6000,1529,1529
1557267,3000,1532,1532
1572267,15000,1547,1547
1573268,1001,1548,1548
1576268,3000,1551,1551
1578268,2000,1553,1553
1580268,2000,1555,1555
1582268,2000,1557,1557
1585268,3000,1560,1560
1594268,9000,1569,1569
1595268,1000,1570,1570
1607268,12000,1582,1582
1609268,2000,1584,1584
1612268,3000,1587,1587
1613269,1001,1588,1588
1614268,999,1589,1589
1615268,1000,1590,1590
1619269,4001,1594,1594
1621269,2000,1596,1596
1622268,999,1597,1597
1623269,1001,1598,1598
1628269,5000,1603,1603
1631269,3000,1606,1606
1635269,4000,1610,1610
1638269,3000,1613,1613
1643269,5000,1618,1618
1654269,11000,1629,1629
1657269,3000,1632,1632
1661270,4001,1636,1636
1662269,999,1637,1637
1664270,2001,1639,1639
1668269,3999,1643,1643
1670269,2000,1645,1645
1673270,3001,1648,1648
1674270,1000,1649,1649
1676270,2000,1651,1651
1677269,999,1652,1652
1678270,1001,1653,1653
1683270,5000,1658,1658
1686270,3000,1661,1661
1690270,4000,1665,1665
1696270,6000,1671,1671
1699270,3000,1674,1674
1703271,4001,1678,1678
1709271,6000,1684,1684
1712271,3000,1687,1687
1715271,3000,1690,1690
1716271,1000,1691,1691
1717270,999,1692,1692
1719271,2001,1694,1694
1723270,3999,1698,1698
1726271,3001,1701,1701
1729271,3000,1704,1704
1737271,8000,1712,1712
1739271,2000,1714,1714
1740271,1000,1715,1715
1743272,3001,1718,1718
1744271,999,1719,1719
1751272,7001,1726,1726
1752271,999,1727,1727
1759272,7001,1734,1734
1767272,8000,1742,1742
1771272,4000,1746,1746
1773271,1999,1748,1748
1774272,1001,1749,1749
1780272,6000,1755,1755
1787272,7000,1762,1762
1790272,3000,1765,1765
1796272,6000,1771,1771
1800273,4001,1775,1775
1808273,8000,1783,1783
1813273,5000,1788,1788
1815273,2000,1790,1790
1819274,4001,1794,1794
1822273,2999,1797,1797
1823273,1000,1798,1798
1829274,6001,1804,1804
1833273,3999,1808,1808
1838274,5001,1813,1813
1839273,999,1814,1814
1842273,3000,1817,1817
1856274,14001,1831,1831
1859274,3000,1834,1834
1861274,2000,1836,1836
1862274,1000,1837,1837
1863274,1000,1838,1838
1864274,1000,1839,1839
1865274,1000,1840,1840
1868274,3000,1843,1843
1874275,6001,1849,1849
1876274,1999,1851,1851
1880274,4000,1855,1855
1883274,3000,1858,1858
1886274,3000,1861,1861
1888274,2000,1863,1863
1893275,5001,1868,1868
1899274,5999,1874,1874
1901274,2000,1876,1876
1903275,2001,1878,1878
1905275,2000,1880,1880
1906275,1000,1881,1881
1907275,1000,1882,1882
1908275,1000,1883,1883
1909275,1000,1884,1884
1910275,1000,1885,1885
1913275,3000,1888,1888
1918275,5000,1893,1893
1921275,3000,1896,1896
1928276,7001,1903,1903
1932276,4000,1907,1907
1935275,2999,1910,1910
1937276,2001,1912,1912
1938276,1000,1913,1913
1939275,999,1914,1914
1942276,3001,1917,1917
1943276,1000,1918,1918
1945276,2000,1920,1920
1947276,2000,1922,1922
1948276,1000,1923,1923
1950276,2000,1925,1925
1951276,1000,1926,1926
1953276,2000,1928,1928
1954276,1000,1929,1929
1958276,4000,1933,1933
1963277,5001,1938,1938
1965277,2000,1940,1940
1969276,3999,1944,1944
1971277,2001,1946,1946
1973277,2000,1948,1948
1976277,3000,1951,1951
1979277,3000,1954,1954
1983276,3999,1958,1958
1985277,2001,1960,1960
1988277,3000,1963,1963
1989277,1000,1964,1964
1991277,2000,1966,1966
1992277,1000,1967,1967
1993277,1000,1968,1968
